12 12 12 14 14 14 14 14 14 24 56 70 90 520 819
12 12 12 14 14 14 14 14 14 24 28 70 90 520 819
12 12 12 14 14 14 14 14 14 30 56 70 72 520 819
12 12 12 14 14 14 14 14 14 28 30 70 72 520 819
12 12 14 14 14 14 14 14 24 30 36 56 70 520 819
12 12 14 14 14 14 14 14 24 28 30 36 70 520 819
12 12 12 14 14 14 14 14 14 24 56 70 90 440 693
12 12 12 14 14 14 14 14 14 24 28 70 90 440 693
12 12 12 14 14 14 14 14 14 30 56 70 72 440 693
12 12 12 14 14 14 14 14 14 28 30 70 72 440 693
12 12 14 14 14 14 14 14 24 30 36 56 70 440 693
12 12 14 14 14 14 14 14 24 28 30 36 70 440 693
12 12 12 14 14 14 14 14 14 24 30 56 70 273 520
12 12 12 14 14 14 14 14 14 24 30 56 70 231 440
12 12 12 12 12 14 14 14 14 14 14 56 63 70 360
12 12 12 12 14 14 14 14 14 14 24 56 63 70 180
12 12 12 12 12 14 14 14 14 14 14 28 63 70 180
12 12 12 12 14 14 14 14 14 14 36 56 63 70 120
12 12 12 12 12 14 14 14 14 14 14 42 56 70 120
12 12 12 12 12 14 14 14 14 14 14 21 56 70 120
12 12 12 12 14 14 14 14 14 14 56 60 63 70 72
12 12 12 12 12 14 14 14 14 14 14 14 56 63 72
12 12 12 14 14 14 14 14 14 24 36 56 60 63 70
12 12 12 12 14 14 14 14 14 14 28 36 60 63 70
12 12 12 12 14 14 14 14 14 14 24 42 56 60 70
12 12 12 12 14 14 14 14 14 14 21 24 56 60 70
12 12 12 12 12 14 14 14 14 14 14 28 42 60 70
12 12 12 14 14 14 14 14 14 24 30 40 42 56 70
12 12 12 14 14 14 14 14 14 24 28 30 40 42 70
12 12 12 12 14 14 14 14 14 14 14 24 36 56 63
