n=1 k=1 r=1 D_B=0 (k^2-2k-1=-2) #estr=1 estremali=[(1,)] t=0.0s
n=2 k=2 r=1 D_B=0 (k^2-2k-1=-1) #estr=2 estremali=[(2,), (1, 1)] t=0.0s
n=3 k=2 r=2 D_B=1 (k^2-2k-1=-1) #estr=1 estremali=[(1, 1, 1)] t=0.0s
n=4 k=3 r=1 D_B=1 (k^2-2k-1=2) #estr=1 estremali=[(1, 1, 1, 1)] t=0.0s
n=5 k=3 r=2 D_B=2 (k^2-2k-1=2) #estr=1 estremali=[(1, 1, 1, 1, 1)] t=0.0s
n=6 k=3 r=3 D_B=5 (k^2-2k-1=2) #estr=1 estremali=[(2, 2, 1, 1)] t=0.0s
n=7 k=4 r=1 D_B=3 (k^2-2k-1=7) #estr=3 estremali=[(2, 2, 2, 1), (2, 2, 1, 1, 1), (1, 1, 1, 1, 1, 1, 1)] t=0.0s
n=8 k=4 r=2 D_B=4 (k^2-2k-1=7) #estr=1 estremali=[(1, 1, 1, 1, 1, 1, 1, 1)] t=0.0s
n=9 k=4 r=3 D_B=6 (k^2-2k-1=7) #estr=1 estremali=[(3, 2, 2, 1, 1)] t=0.0s
n=10 k=4 r=4 D_B=11 (k^2-2k-1=7) #estr=3 estremali=[(3, 3, 2, 1, 1), (3, 2, 2, 2, 1), (3, 2, 2, 1, 1, 1)] t=0.0s
n=11 k=5 r=1 D_B=8 (k^2-2k-1=14) #estr=3 estremali=[(3, 3, 2, 2, 1), (3, 3, 2, 1, 1, 1), (3, 2, 2, 2, 1, 1)] t=0.0s
n=12 k=5 r=2 D_B=7 (k^2-2k-1=14) #estr=2 estremali=[(3, 3, 2, 2, 1, 1), (1, 1, 1, 1, 1, 1, 1, 1, 1, 1, 1, 1)] t=0.0s
n=13 k=5 r=3 D_B=8 (k^2-2k-1=14) #estr=1 estremali=[(1, 1, 1, 1, 1, 1, 1, 1, 1, 1, 1, 1, 1)] t=0.0s
n=14 k=5 r=4 D_B=13 (k^2-2k-1=14) #estr=6 estremali=[(4, 3, 3, 2, 1, 1), (4, 3, 2, 2, 2, 1), (4, 3, 2, 2, 1, 1, 1), (3, 3, 3, 2, 2, 1), (3, 3, 3, 2, 1, 1, 1), (3, 3, 2, 2, 2, 1, 1)] t=0.0s
n=15 k=5 r=5 D_B=19 (k^2-2k-1=14) #estr=16 estremali=[(4, 4, 3, 2, 1, 1), (4, 4, 2, 2, 2, 1), (4, 4, 2, 2, 1, 1, 1), (4, 3, 3, 3, 1, 1), (4, 3, 3, 2, 2, 1), (4, 3, 3, 2, 1, 1, 1)] t=0.0s
n=16 k=6 r=1 D_B=15 (k^2-2k-1=23) #estr=12 estremali=[(4, 4, 3, 2, 2, 1), (4, 4, 3, 2, 1, 1, 1), (4, 4, 2, 2, 2, 1, 1), (4, 3, 3, 3, 2, 1), (4, 3, 3, 3, 1, 1, 1), (4, 3, 3, 2, 2, 2)] t=0.0s
n=17 k=6 r=2 D_B=11 (k^2-2k-1=23) #estr=1 estremali=[(1, 1, 1, 1, 1, 1, 1, 1, 1, 1, 1, 1, 1, 1, 1, 1, 1)] t=0.0s
n=18 k=6 r=3 D_B=12 (k^2-2k-1=23) #estr=1 estremali=[(1, 1, 1, 1, 1, 1, 1, 1, 1, 1, 1, 1, 1, 1, 1, 1, 1, 1)] t=0.0s
n=19 k=6 r=4 D_B=15 (k^2-2k-1=23) #estr=18 estremali=[(5, 4, 3, 3, 2, 1, 1), (5, 4, 3, 2, 2, 2, 1), (5, 4, 3, 2, 2, 1, 1, 1), (5, 3, 3, 3, 2, 2, 1), (5, 3, 3, 3, 2, 1, 1, 1), (5, 3, 3, 2, 2, 2, 1, 1)] t=0.0s
n=20 k=6 r=5 D_B=22 (k^2-2k-1=23) #estr=34 estremali=[(5, 4, 4, 3, 2, 1, 1), (5, 4, 4, 2, 2, 2, 1), (5, 4, 4, 2, 2, 1, 1, 1), (5, 4, 3, 3, 3, 1, 1), (5, 4, 3, 3, 2, 2, 1), (5, 4, 3, 3, 2, 1, 1, 1)] t=0.0s
n=21 k=6 r=6 D_B=29 (k^2-2k-1=23) #estr=65 estremali=[(5, 5, 4, 3, 2, 1, 1), (5, 5, 4, 2, 2, 2, 1), (5, 5, 4, 2, 2, 1, 1, 1), (5, 5, 3, 3, 3, 1, 1), (5, 5, 3, 3, 2, 2, 1), (5, 5, 3, 3, 2, 1, 1, 1)] t=0.0s
n=22 k=7 r=1 D_B=24 (k^2-2k-1=34) #estr=62 estremali=[(5, 5, 4, 3, 2, 2, 1), (5, 5, 4, 3, 2, 1, 1, 1), (5, 5, 4, 2, 2, 2, 1, 1), (5, 5, 3, 3, 3, 2, 1), (5, 5, 3, 3, 3, 1, 1, 1), (5, 5, 3, 3, 2, 2, 2)] t=0.0s
n=23 k=7 r=2 D_B=18 (k^2-2k-1=34) #estr=66 estremali=[(5, 5, 4, 3, 3, 2, 1), (5, 5, 4, 3, 3, 1, 1, 1), (5, 5, 4, 3, 2, 2, 2), (5, 5, 4, 3, 2, 2, 1, 1), (5, 5, 4, 3, 2, 1, 1, 1, 1), (5, 5, 4, 2, 2, 2, 2, 1)] t=0.0s
n=24 k=7 r=3 D_B=17 (k^2-2k-1=34) #estr=31 estremali=[(5, 5, 4, 3, 3, 2, 1, 1), (5, 5, 4, 3, 2, 2, 2, 1), (5, 5, 4, 3, 2, 2, 1, 1, 1), (5, 5, 3, 3, 3, 2, 2, 1), (5, 5, 3, 3, 3, 2, 1, 1, 1), (5, 5, 3, 3, 2, 2, 2, 1, 1)] t=0.0s
n=25 k=7 r=4 D_B=18 (k^2-2k-1=34) #estr=1 estremali=[(1, 1, 1, 1, 1, 1, 1, 1, 1, 1, 1, 1, 1, 1, 1, 1, 1, 1, 1, 1, 1, 1, 1, 1, 1)] t=0.0s
n=26 k=7 r=5 D_B=25 (k^2-2k-1=34) #estr=116 estremali=[(6, 5, 4, 4, 3, 2, 1, 1), (6, 5, 4, 4, 2, 2, 2, 1), (6, 5, 4, 4, 2, 2, 1, 1, 1), (6, 5, 4, 3, 3, 3, 1, 1), (6, 5, 4, 3, 3, 2, 2, 1), (6, 5, 4, 3, 3, 2, 1, 1, 1)] t=0.0s
n=27 k=7 r=6 D_B=33 (k^2-2k-1=34) #estr=175 estremali=[(6, 5, 5, 4, 3, 2, 1, 1), (6, 5, 5, 4, 2, 2, 2, 1), (6, 5, 5, 4, 2, 2, 1, 1, 1), (6, 5, 5, 3, 3, 3, 1, 1), (6, 5, 5, 3, 3, 2, 2, 1), (6, 5, 5, 3, 3, 2, 1, 1, 1)] t=0.0s
n=28 k=7 r=7 D_B=41 (k^2-2k-1=34) #estr=293 estremali=[(6, 6, 5, 4, 3, 2, 1, 1), (6, 6, 5, 4, 2, 2, 2, 1), (6, 6, 5, 4, 2, 2, 1, 1, 1), (6, 6, 5, 3, 3, 3, 1, 1), (6, 6, 5, 3, 3, 2, 2, 1), (6, 6, 5, 3, 3, 2, 1, 1, 1)] t=0.0s
n=29 k=8 r=1 D_B=35 (k^2-2k-1=47) #estr=288 estremali=[(6, 6, 5, 4, 3, 2, 2, 1), (6, 6, 5, 4, 3, 2, 1, 1, 1), (6, 6, 5, 4, 2, 2, 2, 1, 1), (6, 6, 5, 3, 3, 3, 2, 1), (6, 6, 5, 3, 3, 3, 1, 1, 1), (6, 6, 5, 3, 3, 2, 2, 2)] t=0.0s
n=30 k=8 r=2 D_B=28 (k^2-2k-1=47) #estr=253 estremali=[(6, 6, 5, 4, 3, 3, 2, 1), (6, 6, 5, 4, 3, 3, 1, 1, 1), (6, 6, 5, 4, 3, 2, 2, 2), (6, 6, 5, 4, 3, 2, 2, 1, 1), (6, 6, 5, 4, 3, 2, 1, 1, 1, 1), (6, 6, 5, 4, 2, 2, 2, 2, 1)] t=0.0s
n=31 k=8 r=3 D_B=23 (k^2-2k-1=47) #estr=1 estremali=[(1, 1, 1, 1, 1, 1, 1, 1, 1, 1, 1, 1, 1, 1, 1, 1, 1, 1, 1, 1, 1, 1, 1, 1, 1, 1, 1, 1, 1, 1, 1)] t=0.0s
n=32 k=8 r=4 D_B=24 (k^2-2k-1=47) #estr=1 estremali=[(1, 1, 1, 1, 1, 1, 1, 1, 1, 1, 1, 1, 1, 1, 1, 1, 1, 1, 1, 1, 1, 1, 1, 1, 1, 1, 1, 1, 1, 1, 1, 1)] t=0.0s
n=33 k=8 r=5 D_B=28 (k^2-2k-1=47) #estr=367 estremali=[(7, 6, 5, 4, 4, 3, 2, 1, 1), (7, 6, 5, 4, 4, 2, 2, 2, 1), (7, 6, 5, 4, 4, 2, 2, 1, 1, 1), (7, 6, 5, 4, 3, 3, 3, 1, 1), (7, 6, 5, 4, 3, 3, 2, 2, 1), (7, 6, 5, 4, 3, 3, 2, 1, 1, 1)] t=0.0s
n=34 k=8 r=6 D_B=37 (k^2-2k-1=47) #estr=637 estremali=[(7, 6, 5, 5, 4, 3, 2, 1, 1), (7, 6, 5, 5, 4, 2, 2, 2, 1), (7, 6, 5, 5, 4, 2, 2, 1, 1, 1), (7, 6, 5, 5, 3, 3, 3, 1, 1), (7, 6, 5, 5, 3, 3, 2, 2, 1), (7, 6, 5, 5, 3, 3, 2, 1, 1, 1)] t=0.0s
n=35 k=8 r=7 D_B=46 (k^2-2k-1=47) #estr=831 estremali=[(7, 6, 6, 5, 4, 3, 2, 1, 1), (7, 6, 6, 5, 4, 2, 2, 2, 1), (7, 6, 6, 5, 4, 2, 2, 1, 1, 1), (7, 6, 6, 5, 3, 3, 3, 1, 1), (7, 6, 6, 5, 3, 3, 2, 2, 1), (7, 6, 6, 5, 3, 3, 2, 1, 1, 1)] t=0.1s
n=36 k=8 r=8 D_B=55 (k^2-2k-1=47) #estr=1267 estremali=[(7, 7, 6, 5, 4, 3, 2, 1, 1), (7, 7, 6, 5, 4, 2, 2, 2, 1), (7, 7, 6, 5, 4, 2, 2, 1, 1, 1), (7, 7, 6, 5, 3, 3, 3, 1, 1), (7, 7, 6, 5, 3, 3, 2, 2, 1), (7, 7, 6, 5, 3, 3, 2, 1, 1, 1)] t=0.1s
n=37 k=9 r=1 D_B=48 (k^2-2k-1=62) #estr=1310 estremali=[(7, 7, 6, 5, 4, 3, 2, 2, 1), (7, 7, 6, 5, 4, 3, 2, 1, 1, 1), (7, 7, 6, 5, 4, 2, 2, 2, 1, 1), (7, 7, 6, 5, 3, 3, 3, 2, 1), (7, 7, 6, 5, 3, 3, 3, 1, 1, 1), (7, 7, 6, 5, 3, 3, 2, 2, 2)] t=0.1s
n=38 k=9 r=2 D_B=40 (k^2-2k-1=62) #estr=1341 estremali=[(7, 7, 6, 5, 4, 3, 3, 2, 1), (7, 7, 6, 5, 4, 3, 3, 1, 1, 1), (7, 7, 6, 5, 4, 3, 2, 2, 2), (7, 7, 6, 5, 4, 3, 2, 2, 1, 1), (7, 7, 6, 5, 4, 3, 2, 1, 1, 1, 1), (7, 7, 6, 5, 4, 2, 2, 2, 2, 1)] t=0.1s
n=39 k=9 r=3 D_B=32 (k^2-2k-1=62) #estr=1466 estremali=[(7, 7, 6, 5, 4, 4, 3, 2, 1), (7, 7, 6, 5, 4, 4, 3, 1, 1, 1), (7, 7, 6, 5, 4, 4, 2, 2, 2), (7, 7, 6, 5, 4, 4, 2, 2, 1, 1), (7, 7, 6, 5, 4, 4, 2, 1, 1, 1, 1), (7, 7, 6, 5, 4, 3, 3, 3, 1)] t=0.1s
n=40 k=9 r=4 D_B=31 (k^2-2k-1=62) #estr=821 estremali=[(7, 7, 6, 5, 4, 4, 3, 2, 1, 1), (7, 7, 6, 5, 4, 4, 2, 2, 2, 1), (7, 7, 6, 5, 4, 4, 2, 2, 1, 1, 1), (7, 7, 6, 5, 4, 3, 3, 3, 1, 1), (7, 7, 6, 5, 4, 3, 3, 2, 2, 1), (7, 7, 6, 5, 4, 3, 3, 2, 1, 1, 1)] t=0.1s
n=41 k=9 r=5 D_B=32 (k^2-2k-1=62) #estr=1 estremali=[(1, 1, 1, 1, 1, 1, 1, 1, 1, 1, 1, 1, 1, 1, 1, 1, 1, 1, 1, 1, 1, 1, 1, 1, 1, 1, 1, 1, 1, 1, 1, 1, 1, 1, 1, 1, 1, 1, 1, 1, 1)] t=0.2s
n=42 k=9 r=6 D_B=41 (k^2-2k-1=62) #estr=2411 estremali=[(8, 7, 6, 5, 5, 4, 3, 2, 1, 1), (8, 7, 6, 5, 5, 4, 2, 2, 2, 1), (8, 7, 6, 5, 5, 4, 2, 2, 1, 1, 1), (8, 7, 6, 5, 5, 3, 3, 3, 1, 1), (8, 7, 6, 5, 5, 3, 3, 2, 2, 1), (8, 7, 6, 5, 5, 3, 3, 2, 1, 1, 1)] t=0.2s
n=43 k=9 r=7 D_B=51 (k^2-2k-1=62) #estr=3152 estremali=[(8, 7, 6, 6, 5, 4, 3, 2, 1, 1), (8, 7, 6, 6, 5, 4, 2, 2, 2, 1), (8, 7, 6, 6, 5, 4, 2, 2, 1, 1, 1), (8, 7, 6, 6, 5, 3, 3, 3, 1, 1), (8, 7, 6, 6, 5, 3, 3, 2, 2, 1), (8, 7, 6, 6, 5, 3, 3, 2, 1, 1, 1)] t=0.2s
n=44 k=9 r=8 D_B=61 (k^2-2k-1=62) #estr=3911 estremali=[(8, 7, 7, 6, 5, 4, 3, 2, 1, 1), (8, 7, 7, 6, 5, 4, 2, 2, 2, 1), (8, 7, 7, 6, 5, 4, 2, 2, 1, 1, 1), (8, 7, 7, 6, 5, 3, 3, 3, 1, 1), (8, 7, 7, 6, 5, 3, 3, 2, 2, 1), (8, 7, 7, 6, 5, 3, 3, 2, 1, 1, 1)] t=0.3s
n=45 k=9 r=9 D_B=71 (k^2-2k-1=62) #estr=5686 estremali=[(8, 8, 7, 6, 5, 4, 3, 2, 1, 1), (8, 8, 7, 6, 5, 4, 2, 2, 2, 1), (8, 8, 7, 6, 5, 4, 2, 2, 1, 1, 1), (8, 8, 7, 6, 5, 3, 3, 3, 1, 1), (8, 8, 7, 6, 5, 3, 3, 2, 2, 1), (8, 8, 7, 6, 5, 3, 3, 2, 1, 1, 1)] t=0.3s
n=46 k=10 r=1 D_B=63 (k^2-2k-1=79) #estr=5862 estremali=[(8, 8, 7, 6, 5, 4, 3, 2, 2, 1), (8, 8, 7, 6, 5, 4, 3, 2, 1, 1, 1), (8, 8, 7, 6, 5, 4, 2, 2, 2, 1, 1), (8, 8, 7, 6, 5, 3, 3, 3, 2, 1), (8, 8, 7, 6, 5, 3, 3, 3, 1, 1, 1), (8, 8, 7, 6, 5, 3, 3, 2, 2, 2)] t=0.4s
n=47 k=10 r=2 D_B=54 (k^2-2k-1=79) #estr=6335 estremali=[(8, 8, 7, 6, 5, 4, 3, 3, 2, 1), (8, 8, 7, 6, 5, 4, 3, 3, 1, 1, 1), (8, 8, 7, 6, 5, 4, 3, 2, 2, 2), (8, 8, 7, 6, 5, 4, 3, 2, 2, 1, 1), (8, 8, 7, 6, 5, 4, 3, 2, 1, 1, 1, 1), (8, 8, 7, 6, 5, 4, 2, 2, 2, 2, 1)] t=0.5s
n=48 k=10 r=3 D_B=45 (k^2-2k-1=79) #estr=4551 estremali=[(8, 8, 7, 6, 5, 4, 4, 3, 2, 1), (8, 8, 7, 6, 5, 4, 4, 3, 1, 1, 1), (8, 8, 7, 6, 5, 4, 4, 2, 2, 2), (8, 8, 7, 6, 5, 4, 4, 2, 2, 1, 1), (8, 8, 7, 6, 5, 4, 4, 2, 1, 1, 1, 1), (8, 8, 7, 6, 5, 4, 3, 3, 3, 1)] t=0.6s
n=49 k=10 r=4 D_B=39 (k^2-2k-1=79) #estr=1 estremali=[(1, 1, 1, 1, 1, 1, 1, 1, 1, 1, 1, 1, 1, 1, 1, 1, 1, 1, 1, 1, 1, 1, 1, 1, 1, 1, 1, 1, 1, 1, 1, 1, 1, 1, 1, 1, 1, 1, 1, 1, 1, 1, 1, 1, 1, 1, 1, 1, 1)] t=0.8s
n=50 k=10 r=5 D_B=40 (k^2-2k-1=79) #estr=1 estremali=[(1, 1, 1, 1, 1, 1, 1, 1, 1, 1, 1, 1, 1, 1, 1, 1, 1, 1, 1, 1, 1, 1, 1, 1, 1, 1, 1, 1, 1, 1, 1, 1, 1, 1, 1, 1, 1, 1, 1, 1, 1, 1, 1, 1, 1, 1, 1, 1, 1, 1)] t=0.9s
